      X       Y           ¦Ñs            ¦Çs
     1.5    -1.0     8.564050E+01     0.000000E+00
     2.0    -1.5     1.085421E+02     0.000000E+00
     2.5    -2.0     1.059470E+02     0.000000E+00
     3.0    -2.5     1.016301E+02     0.000000E+00
     3.5    -3.0     1.002277E+02     0.000000E+00
     4.0    -3.5     1.007141E+02     0.000000E+00
     4.5    -4.0     1.017641E+02     0.000000E+00
     5.0    -4.5     1.027480E+02     0.000000E+00
     5.5    -5.0     1.035471E+02     0.000000E+00
     6.0    -5.5     1.042563E+02     0.000000E+00
     6.5    -6.0     1.049724E+02     0.000000E+00
     7.0    -6.5     1.056610E+02     0.000000E+00
     7.5    -7.0     1.059937E+02     0.000000E+00
     8.0    -7.5     1.051963E+02     0.000000E+00
     8.5    -8.0     1.019994E+02     0.000000E+00
     9.0    -8.5     9.549502E+01     0.000000E+00
     9.5    -9.0     8.796631E+01     0.000000E+00
    10.0    -9.5     8.104736E+01     0.000000E+00
    10.5   -10.0     7.575268E+01     0.000000E+00
    11.0   -10.5     7.277489E+01     0.000000E+00
    11.5   -11.0     7.271563E+01     0.000000E+00
    12.0   -11.5     7.553114E+01     0.000000E+00
    12.5   -12.0     7.929823E+01     0.000000E+00
    13.0   -12.5     8.296372E+01     0.000000E+00
    13.5   -13.0     8.612076E+01     0.000000E+00
    14.0   -13.5     8.871851E+01     0.000000E+00
    14.5   -14.0     9.079384E+01     0.000000E+00
    15.0   -14.5     9.243415E+01     0.000000E+00
    15.5   -15.0     9.373222E+01     0.000000E+00
    16.0   -15.5     9.475202E+01     0.000000E+00
     2.5    -1.0     8.560407E+01     0.000000E+00
     3.0    -1.5     1.084722E+02     0.000000E+00
     3.5    -2.0     1.058572E+02     0.000000E+00
     4.0    -2.5     1.015379E+02     0.000000E+00
     4.5    -3.0     1.001542E+02     0.000000E+00
     5.0    -3.5     1.006846E+02     0.000000E+00
     5.5    -4.0     1.018099E+02     0.000000E+00
     6.0    -4.5     1.029033E+02     0.000000E+00
     6.5    -5.0     1.038382E+02     0.000000E+00
     7.0    -5.5     1.046760E+02     0.000000E+00
     7.5    -6.0     1.054165E+02     0.000000E+00
     8.0    -6.5     1.058082E+02     0.000000E+00
     8.5    -7.0     1.051287E+02     0.000000E+00
     9.0    -7.5     1.021335E+02     0.000000E+00
     9.5    -8.0     9.585379E+01     0.000000E+00
    10.0    -8.5     8.845221E+01     0.000000E+00
    10.5    -9.0     8.155392E+01     0.000000E+00
    11.0    -9.5     7.614439E+01     0.000000E+00
    11.5   -10.0     7.299125E+01     0.000000E+00
    12.0   -10.5     7.268319E+01     0.000000E+00
    12.5   -11.0     7.525257E+01     0.000000E+00
    13.0   -11.5     7.884891E+01     0.000000E+00
    13.5   -12.0     8.240948E+01     0.000000E+00
    14.0   -12.5     8.553142E+01     0.000000E+00
    14.5   -13.0     8.812868E+01     0.000000E+00
    15.0   -13.5     9.022022E+01     0.000000E+00
    15.5   -14.0     9.189407E+01     0.000000E+00
    16.0   -14.5     9.321873E+01     0.000000E+00
    16.5   -15.0     9.428269E+01     0.000000E+00
    17.0   -15.5     9.512539E+01     0.000000E+00
     3.5    -1.0     8.559529E+01     0.000000E+00
     4.0    -1.5     1.084544E+02     0.000000E+00
     4.5    -2.0     1.058374E+02     0.000000E+00
     5.0    -2.5     1.015299E+02     0.000000E+00
     5.5    -3.0     1.001788E+02     0.000000E+00
     6.0    -3.5     1.007704E+02     0.000000E+00
     6.5    -4.0     1.019906E+02     0.000000E+00
     7.0    -4.5     1.032107E+02     0.000000E+00
     7.5    -5.0     1.042764E+02     0.000000E+00
     8.0    -5.5     1.051624E+02     0.000000E+00
     8.5    -6.0     1.056645E+02     0.000000E+00
     9.0    -6.5     1.051310E+02     0.000000E+00
     9.5    -7.0     1.023580E+02     0.000000E+00
    10.0    -7.5     9.631740E+01     0.000000E+00
    10.5    -8.0     8.905730E+01     0.000000E+00
    11.0    -8.5     8.215934E+01     0.000000E+00
    11.5    -9.0     7.664391E+01     0.000000E+00
    12.0    -9.5     7.327281E+01     0.000000E+00
    12.5   -10.0     7.269986E+01     0.000000E+00
    13.0   -10.5     7.499650E+01     0.000000E+00
    13.5   -11.0     7.838046E+01     0.000000E+00
    14.0   -11.5     8.182558E+01     0.000000E+00
    14.5   -12.0     8.490056E+01     0.000000E+00
    15.0   -12.5     8.748275E+01     0.000000E+00
    15.5   -13.0     8.960423E+01     0.000000E+00
    16.0   -13.5     9.130602E+01     0.000000E+00
    16.5   -14.0     9.267409E+01     0.000000E+00
    17.0   -14.5     9.377067E+01     0.000000E+00
    17.5   -15.0     9.465641E+01     0.000000E+00
    18.0   -15.5     9.536501E+01     0.000000E+00
     4.5    -1.0     8.559337E+01     0.000000E+00
     5.0    -1.5     1.084530E+02     0.000000E+00
     5.5    -2.0     1.058454E+02     0.000000E+00
     6.0    -2.5     1.015634E+02     0.000000E+00
     6.5    -3.0     1.002628E+02     0.000000E+00
     7.0    -3.5     1.009378E+02     0.000000E+00
     7.5    -4.0     1.022765E+02     0.000000E+00
     8.0    -4.5     1.036308E+02     0.000000E+00
     8.5    -5.0     1.047710E+02     0.000000E+00
     9.0    -5.5     1.054763E+02     0.000000E+00
     9.5    -6.0     1.051562E+02     0.000000E+00
    10.0    -6.5     1.026469E+02     0.000000E+00
    10.5    -7.0     9.688609E+01     0.000000E+00
    11.0    -7.5     8.978785E+01     0.000000E+00
    11.5    -8.0     8.289950E+01     0.000000E+00
    12.0    -8.5     7.725450E+01     0.000000E+00
    12.5    -9.0     7.365219E+01     0.000000E+00
    13.0    -9.5     7.277073E+01     0.000000E+00
    13.5   -10.0     7.475450E+01     0.000000E+00
    14.0   -10.5     7.790846E+01     0.000000E+00
    14.5   -11.0     8.120990E+01     0.000000E+00
    15.0   -11.5     8.422012E+01     0.000000E+00
    15.5   -12.0     8.678954E+01     0.000000E+00
    16.0   -12.5     8.891995E+01     0.000000E+00
    16.5   -13.0     9.066242E+01     0.000000E+00
    17.0   -13.5     9.207159E+01     0.000000E+00
    17.5   -14.0     9.320367E+01     0.000000E+00
    18.0   -14.5     9.412646E+01     0.000000E+00
    18.5   -15.0     9.488873E+01     0.000000E+00
    19.0   -15.5     9.550990E+01     0.000000E+00
     5.5    -1.0     8.559422E+01     0.000000E+00
     6.0    -1.5     1.084601E+02     0.000000E+00
     6.5    -2.0     1.058708E+02     0.000000E+00
     7.0    -2.5     1.016284E+02     0.000000E+00
     7.5    -3.0     1.003993E+02     0.000000E+00
     8.0    -3.5     1.011827E+02     0.000000E+00
     8.5    -4.0     1.026557E+02     0.000000E+00
     9.0    -4.5     1.041065E+02     0.000000E+00
     9.5    -5.0     1.051277E+02     0.000000E+00
    10.0    -5.5     1.051209E+02     0.000000E+00
    10.5    -6.0     1.029628E+02     0.000000E+00
    11.0    -6.5     9.754881E+01     0.000000E+00
    11.5    -7.0     9.065658E+01     0.000000E+00
    12.0    -7.5     8.379185E+01     0.000000E+00
    12.5    -8.0     7.801299E+01     0.000000E+00
    13.0    -8.5     7.415024E+01     0.000000E+00
    13.5    -9.0     7.292930E+01     0.000000E+00
    14.0    -9.5     7.454850E+01     0.000000E+00
    14.5   -10.0     7.742478E+01     0.000000E+00
    15.0   -10.5     8.055916E+01     0.000000E+00
    15.5   -11.0     8.347225E+01     0.000000E+00
    16.0   -11.5     8.602340E+01     0.000000E+00
    16.5   -12.0     8.816428E+01     0.000000E+00
    17.0   -12.5     8.993359E+01     0.000000E+00
    17.5   -13.0     9.138213E+01     0.000000E+00
    18.0   -13.5     9.256848E+01     0.000000E+00
    18.5   -14.0     9.354031E+01     0.000000E+00
    19.0   -14.5     9.433173E+01     0.000000E+00
    19.5   -15.0     9.499478E+01     0.000000E+00
    20.0   -15.5     9.554891E+01     0.000000E+00
     6.5    -1.0     8.559686E+01     0.000000E+00
     7.0    -1.5     1.084737E+02     0.000000E+00
     7.5    -2.0     1.059129E+02     0.000000E+00
     8.0    -2.5     1.017273E+02     0.000000E+00
     8.5    -3.0     1.005929E+02     0.000000E+00
     9.0    -3.5     1.015058E+02     0.000000E+00
     9.5    -4.0     1.030927E+02     0.000000E+00
    10.0    -4.5     1.044845E+02     0.000000E+00
    10.5    -5.0     1.049115E+02     0.000000E+00
    11.0    -5.5     1.032256E+02     0.000000E+00
    11.5    -6.0     9.827209E+01     0.000000E+00
    12.0    -6.5     9.165568E+01     0.000000E+00
    12.5    -7.0     8.485751E+01     0.000000E+00
    13.0    -7.5     7.894848E+01     0.000000E+00
    13.5    -8.0     7.480116E+01     0.000000E+00
    14.0    -8.5     7.319494E+01     0.000000E+00
    14.5    -9.0     7.440121E+01     0.000000E+00
    15.0    -9.5     7.695387E+01     0.000000E+00
    15.5   -10.0     7.986346E+01     0.000000E+00
    16.0   -10.5     8.267522E+01     0.000000E+00
    16.5   -11.0     8.517150E+01     0.000000E+00
    17.0   -11.5     8.731731E+01     0.000000E+00
    17.5   -12.0     8.911264E+01     0.000000E+00
    18.0   -12.5     9.060546E+01     0.000000E+00
    18.5   -13.0     9.183563E+01     0.000000E+00
    19.0   -13.5     9.285189E+01     0.000000E+00
    19.5   -14.0     9.369221E+01     0.000000E+00
    20.0   -14.5     9.439559E+01     0.000000E+00
    20.5   -15.0     9.498468E+01     0.000000E+00
    21.0   -15.5     9.549318E+01     0.000000E+00
     7.5    -1.0     8.560123E+01     0.000000E+00
     8.0    -1.5     1.084949E+02     0.000000E+00
     8.5    -2.0     1.059746E+02     0.000000E+00
     9.0    -2.5     1.018666E+02     0.000000E+00
     9.5    -3.0     1.008501E+02     0.000000E+00
    10.0    -3.5     1.018876E+02     0.000000E+00
    10.5    -4.0     1.034708E+02     0.000000E+00
    11.0    -4.5     1.043888E+02     0.000000E+00
    11.5    -5.0     1.033180E+02     0.000000E+00
    12.0    -5.5     9.897861E+01     0.000000E+00
    12.5    -6.0     9.277033E+01     0.000000E+00
    13.0    -6.5     8.610525E+01     0.000000E+00
    13.5    -7.0     8.008901E+01     0.000000E+00
    14.0    -7.5     7.564910E+01     0.000000E+00
    14.5    -8.0     7.361086E+01     0.000000E+00
    15.0    -8.5     7.434643E+01     0.000000E+00
    15.5    -9.0     7.650892E+01     0.000000E+00
    16.0    -9.5     7.916199E+01     0.000000E+00
    16.5   -10.0     8.180901E+01     0.000000E+00
    17.0   -10.5     8.423589E+01     0.000000E+00
    17.5   -11.0     8.635938E+01     0.000000E+00
    18.0   -11.5     8.817461E+01     0.000000E+00
    18.5   -12.0     8.970956E+01     0.000000E+00
    19.0   -12.5     9.098814E+01     0.000000E+00
    19.5   -13.0     9.204924E+01     0.000000E+00
    20.0   -13.5     9.294390E+01     0.000000E+00
    20.5   -14.0     9.368810E+01     0.000000E+00
    21.0   -14.5     9.432261E+01     0.000000E+00
    21.5   -15.0     9.486852E+01     0.000000E+00
    22.0   -15.5     9.534272E+01     0.000000E+00
     8.5    -1.0     8.560776E+01     0.000000E+00
     9.0    -1.5     1.085256E+02     0.000000E+00
     9.5    -2.0     1.060621E+02     0.000000E+00
    10.0    -2.5     1.020537E+02     0.000000E+00
    10.5    -3.0     1.011628E+02     0.000000E+00
    11.0    -3.5     1.022414E+02     0.000000E+00
    11.5    -4.0     1.034753E+02     0.000000E+00
    12.0    -4.5     1.030988E+02     0.000000E+00
    12.5    -5.0     9.955997E+01     0.000000E+00
    13.0    -5.5     9.393082E+01     0.000000E+00
    13.5    -6.0     8.752242E+01     0.000000E+00
    14.0    -6.5     8.146353E+01     0.000000E+00
    14.5    -7.0     7.672939E+01     0.000000E+00
    15.0    -7.5     7.422591E+01     0.000000E+00
    15.5    -8.0     7.442374E+01     0.000000E+00
    16.0    -8.5     7.613051E+01     0.000000E+00
    16.5    -9.0     7.845332E+01     0.000000E+00
    17.0    -9.5     8.089878E+01     0.000000E+00
    17.5   -10.0     8.321364E+01     0.000000E+00
    18.0   -10.5     8.529824E+01     0.000000E+00
    18.5   -11.0     8.711749E+01     0.000000E+00
    19.0   -11.5     8.867034E+01     0.000000E+00
    19.5   -12.0     8.999382E+01     0.000000E+00
    20.0   -12.5     9.110790E+01     0.000000E+00
    20.5   -13.0     9.204924E+01     0.000000E+00
    21.0   -13.5     9.284453E+01     0.000000E+00
    21.5   -14.0     9.352800E+01     0.000000E+00
    22.0   -14.5     9.410822E+01     0.000000E+00
    22.5   -15.0     9.461601E+01     0.000000E+00
    23.0   -15.5     9.508080E+01     0.000000E+00
     9.5    -1.0     8.561727E+01     0.000000E+00
    10.0    -1.5     1.085693E+02     0.000000E+00
    10.5    -2.0     1.061813E+02     0.000000E+00
    11.0    -2.5     1.022875E+02     0.000000E+00
    11.5    -3.0     1.014713E+02     0.000000E+00
    12.0    -3.5     1.023202E+02     0.000000E+00
    12.5    -4.0     1.024834E+02     0.000000E+00
    13.0    -4.5     9.987437E+01     0.000000E+00
    13.5    -5.0     9.503408E+01     0.000000E+00
    14.0    -5.5     8.906296E+01     0.000000E+00
    14.5    -6.0     8.306561E+01     0.000000E+00
    15.0    -6.5     7.808305E+01     0.000000E+00
    15.5    -7.0     7.509559E+01     0.000000E+00
    16.0    -7.5     7.468773E+01     0.000000E+00
    16.5    -8.0     7.585853E+01     0.000000E+00
    17.0    -8.5     7.778441E+01     0.000000E+00
    17.5    -9.0     7.996007E+01     0.000000E+00
    18.0    -9.5     8.211299E+01     0.000000E+00
    18.5   -10.0     8.411618E+01     0.000000E+00
    19.0   -10.5     8.590728E+01     0.000000E+00
    19.5   -11.0     8.747564E+01     0.000000E+00
    20.0   -11.5     8.883180E+01     0.000000E+00
    20.5   -12.0     8.999382E+01     0.000000E+00
    21.0   -12.5     9.098229E+01     0.000000E+00
    21.5   -13.0     9.183234E+01     0.000000E+00
    22.0   -13.5     9.255376E+01     0.000000E+00
    22.5   -14.0     9.318726E+01     0.000000E+00
    23.0   -14.5     9.373874E+01     0.000000E+00
    23.5   -15.0     9.422209E+01     0.000000E+00
    24.0   -15.5     9.466843E+01     0.000000E+00
    10.5    -1.0     8.563089E+01     0.000000E+00
    11.0    -1.5     1.086299E+02     0.000000E+00
    11.5    -2.0     1.063335E+02     0.000000E+00
    12.0    -2.5     1.025309E+02     0.000000E+00
    12.5    -3.0     1.015925E+02     0.000000E+00
    13.0    -3.5     1.016105E+02     0.000000E+00
    13.5    -4.0     9.983239E+01     0.000000E+00
    14.0    -4.5     9.594942E+01     0.000000E+00
    14.5    -5.0     9.063536E+01     0.000000E+00
    15.0    -5.5     8.487532E+01     0.000000E+00
    15.5    -6.0     7.973023E+01     0.000000E+00
    16.0    -6.5     7.626481E+01     0.000000E+00
    16.5    -7.0     7.520703E+01     0.000000E+00
    17.0    -7.5     7.576235E+01     0.000000E+00
    17.5    -8.0     7.720163E+01     0.000000E+00
    18.0    -8.5     7.902391E+01     0.000000E+00
    18.5    -9.0     8.095949E+01     0.000000E+00
    19.0    -9.5     8.282512E+01     0.000000E+00
    19.5   -10.0     8.455251E+01     0.000000E+00
    20.0   -10.5     8.610971E+01     0.000000E+00
    20.5   -11.0     8.747365E+01     0.000000E+00
    21.0   -11.5     8.867262E+01     0.000000E+00
    21.5   -12.0     8.970181E+01     0.000000E+00
    22.0   -12.5     9.059962E+01     0.000000E+00
    22.5   -13.0     9.137226E+01     0.000000E+00
    23.0   -13.5     9.204951E+01     0.000000E+00
    23.5   -14.0     9.263714E+01     0.000000E+00
    24.0   -14.5     9.316855E+01     0.000000E+00
    24.5   -15.0     9.364132E+01     0.000000E+00
    11.5    -1.0     8.564991E+01     0.000000E+00
    12.0    -1.5     1.087085E+02     0.000000E+00
    12.5    -2.0     1.064990E+02     0.000000E+00
    13.0    -2.5     1.026608E+02     0.000000E+00
    13.5    -3.0     1.011364E+02     0.000000E+00
    14.0    -3.5     9.956342E+01     0.000000E+00
    14.5    -4.0     9.658926E+01     0.000000E+00
    15.0    -4.5     9.212370E+01     0.000000E+00
    15.5    -5.0     8.682022E+01     0.000000E+00
    16.0    -5.5     8.166700E+01     0.000000E+00
    16.5    -6.0     7.778749E+01     0.000000E+00
    17.0    -6.5     7.605051E+01     0.000000E+00
    17.5    -7.0     7.591454E+01     0.000000E+00
    18.0    -7.5     7.676525E+01     0.000000E+00
    18.5    -8.0     7.815815E+01     0.000000E+00
    19.0    -8.5     7.977751E+01     0.000000E+00
    19.5    -9.0     8.144722E+01     0.000000E+00
    20.0    -9.5     8.306079E+01     0.000000E+00
    20.5   -10.0     8.455550E+01     0.000000E+00
    21.0   -10.5     8.590382E+01     0.000000E+00
    21.5   -11.0     8.710952E+01     0.000000E+00
    22.0   -11.5     8.817461E+01     0.000000E+00
    22.5   -12.0     8.910230E+01     0.000000E+00
    23.0   -12.5     8.992191E+01     0.000000E+00
    23.5   -13.0     9.063942E+01     0.000000E+00
    24.0   -13.5     9.127289E+01     0.000000E+00
    24.5   -14.0     9.184070E+01     0.000000E+00
    25.0   -14.5     9.234292E+01     0.000000E+00
    12.5    -1.0     8.567479E+01     0.000000E+00
    13.0    -1.5     1.087966E+02     0.000000E+00
    13.5    -2.0     1.066066E+02     0.000000E+00
    14.0    -2.5     1.024143E+02     0.000000E+00
    14.5    -3.0     9.969746E+01     0.000000E+00
    15.0    -3.5     9.706963E+01     0.000000E+00
    15.5    -4.0     9.344655E+01     0.000000E+00
    16.0    -4.5     8.880572E+01     0.000000E+00
    16.5    -5.0     8.385635E+01     0.000000E+00
    17.0    -5.5     7.968367E+01     0.000000E+00
    17.5    -6.0     7.728493E+01     0.000000E+00
    18.0    -6.5     7.640468E+01     0.000000E+00
    18.5    -7.0     7.658626E+01     0.000000E+00
    19.0    -7.5     7.742840E+01     0.000000E+00
    19.5    -8.0     7.864405E+01     0.000000E+00
    20.0    -8.5     8.002688E+01     0.000000E+00
    20.5    -9.0     8.144505E+01     0.000000E+00
    21.0    -9.5     8.282000E+01     0.000000E+00
    21.5   -10.0     8.411618E+01     0.000000E+00
    22.0   -10.5     8.529305E+01     0.000000E+00
    22.5   -11.0     8.634943E+01     0.000000E+00
    23.0   -11.5     8.730594E+01     0.000000E+00
    23.5   -12.0     8.814877E+01     0.000000E+00
    24.0   -12.5     8.889658E+01     0.000000E+00
    24.5   -13.0     8.956808E+01     0.000000E+00
    25.0   -13.5     9.016133E+01     0.000000E+00
    25.5   -14.0     9.070763E+01     0.000000E+00
    13.5    -1.0     8.570304E+01     0.000000E+00
    14.0    -1.5     1.088624E+02     0.000000E+00
    14.5    -2.0     1.065107E+02     0.000000E+00
    15.0    -2.5     1.015450E+02     0.000000E+00
    15.5    -3.0     9.798502E+01     0.000000E+00
    16.0    -3.5     9.470647E+01     0.000000E+00
    16.5    -4.0     9.075854E+01     0.000000E+00
    17.0    -4.5     8.622414E+01     0.000000E+00
    17.5    -5.0     8.195063E+01     0.000000E+00
    18.0    -5.5     7.897675E+01     0.000000E+00
    18.5    -6.0     7.733442E+01     0.000000E+00
    19.0    -6.5     7.676538E+01     0.000000E+00
    19.5    -7.0     7.696148E+01     0.000000E+00
    20.0    -7.5     7.765113E+01     0.000000E+00
    20.5    -8.0     7.863947E+01     0.000000E+00
    21.0    -8.5     7.977201E+01     0.000000E+00
    21.5    -9.0     8.094424E+01     0.000000E+00
    22.0    -9.5     8.210531E+01     0.000000E+00
    22.5   -10.0     8.319869E+01     0.000000E+00
    23.0   -10.5     8.423069E+01     0.000000E+00
    23.5   -11.0     8.515359E+01     0.000000E+00
    24.0   -11.5     8.600066E+01     0.000000E+00
    24.5   -12.0     8.676111E+01     0.000000E+00
    25.0   -12.5     8.744769E+01     0.000000E+00
    25.5   -13.0     8.806296E+01     0.000000E+00
    26.0   -13.5     8.862650E+01     0.000000E+00
    14.5    -1.0     8.572630E+01     0.000000E+00
    15.0    -1.5     1.088491E+02     0.000000E+00
    15.5    -2.0     1.061098E+02     0.000000E+00
    16.0    -2.5     1.005741E+02     0.000000E+00
    16.5    -3.0     9.644890E+01     0.000000E+00
    17.0    -3.5     9.276358E+01     0.000000E+00
    17.5    -4.0     8.871059E+01     0.000000E+00
    18.0    -4.5     8.454559E+01     0.000000E+00
    18.5    -5.0     8.115424E+01     0.000000E+00
    19.0    -5.5     7.880472E+01     0.000000E+00
    19.5    -6.0     7.744688E+01     0.000000E+00
    20.0    -6.5     7.689870E+01     0.000000E+00
    20.5    -7.0     7.695330E+01     0.000000E+00
    21.0    -7.5     7.741582E+01     0.000000E+00
    21.5    -8.0     7.813829E+01     0.000000E+00
    22.0    -8.5     7.900741E+01     0.000000E+00
    22.5    -9.0     7.993829E+01     0.000000E+00
    23.0    -9.5     8.088084E+01     0.000000E+00
    23.5   -10.0     8.178211E+01     0.000000E+00
    24.0   -10.5     8.264927E+01     0.000000E+00
    24.5   -11.0     8.344241E+01     0.000000E+00
    25.0   -11.5     8.417918E+01     0.000000E+00
    25.5   -12.0     8.484888E+01     0.000000E+00
    26.0   -12.5     8.546131E+01     0.000000E+00
    26.5   -13.0     8.602546E+01     0.000000E+00
    15.5    -1.0     8.573496E+01     0.000000E+00
    16.0    -1.5     1.087501E+02     0.000000E+00
    16.5    -2.0     1.057355E+02     0.000000E+00
    17.0    -2.5     9.981218E+01     0.000000E+00
    17.5    -3.0     9.530034E+01     0.000000E+00
    18.0    -3.5     9.137362E+01     0.000000E+00
    18.5    -4.0     8.741707E+01     0.000000E+00
    19.0    -4.5     8.380973E+01     0.000000E+00
    19.5    -5.0     8.088766E+01     0.000000E+00
    20.0    -5.5     7.877604E+01     0.000000E+00
    20.5    -6.0     7.743725E+01     0.000000E+00
    21.0    -6.5     7.674657E+01     0.000000E+00
    21.5    -7.0     7.655762E+01     0.000000E+00
    22.0    -7.5     7.673883E+01     0.000000E+00
    22.5    -8.0     7.716496E+01     0.000000E+00
    23.0    -8.5     7.774773E+01     0.000000E+00
    23.5    -9.0     7.841631E+01     0.000000E+00
    24.0    -9.5     7.912101E+01     0.000000E+00
    24.5   -10.0     7.982162E+01     0.000000E+00
    25.0   -10.5     8.050899E+01     0.000000E+00
    25.5   -11.0     8.115219E+01     0.000000E+00
    26.0   -11.5     8.175736E+01     0.000000E+00
    26.5   -12.0     8.232421E+01     0.000000E+00
    27.0   -12.5     8.284103E+01     0.000000E+00
    16.5    -1.0     8.574619E+01     0.000000E+00
    17.0    -1.5     1.087216E+02     0.000000E+00
    17.5    -2.0     1.055535E+02     0.000000E+00
    18.0    -2.5     9.937490E+01     0.000000E+00
    18.5    -3.0     9.459898E+01     0.000000E+00
    19.0    -3.5     9.058011E+01     0.000000E+00
    19.5    -4.0     8.689027E+01     0.000000E+00
    20.0    -4.5     8.360480E+01     0.000000E+00
    20.5    -5.0     8.087875E+01     0.000000E+00
    21.0    -5.5     7.878445E+01     0.000000E+00
    21.5    -6.0     7.730486E+01     0.000000E+00
    22.0    -6.5     7.636705E+01     0.000000E+00
    22.5    -7.0     7.586649E+01     0.000000E+00
    23.0    -7.5     7.571202E+01     0.000000E+00
    23.5    -8.0     7.580199E+01     0.000000E+00
    24.0    -8.5     7.606634E+01     0.000000E+00
    24.5    -9.0     7.644577E+01     0.000000E+00
    25.0    -9.5     7.688470E+01     0.000000E+00
    25.5   -10.0     7.735007E+01     0.000000E+00
    26.0   -10.5     7.782541E+01     0.000000E+00
    26.5   -11.0     7.828893E+01     0.000000E+00
    27.0   -11.5     7.873293E+01     0.000000E+00
    27.5   -12.0     7.915869E+01     0.000000E+00
    17.5    -1.0     8.579416E+01     0.000000E+00
    18.0    -1.5     1.088049E+02     0.000000E+00
    18.5    -2.0     1.055743E+02     0.000000E+00
    19.0    -2.5     9.922939E+01     0.000000E+00
    19.5    -3.0     9.429791E+01     0.000000E+00
    20.0    -3.5     9.034656E+01     0.000000E+00
    20.5    -4.0     8.688461E+01     0.000000E+00
    21.0    -4.5     8.379733E+01     0.000000E+00
    21.5    -5.0     8.113161E+01     0.000000E+00
    22.0    -5.5     7.894412E+01     0.000000E+00
    22.5    -6.0     7.724188E+01     0.000000E+00
    23.0    -6.5     7.599490E+01     0.000000E+00
    23.5    -7.0     7.514160E+01     0.000000E+00
    24.0    -7.5     7.461726E+01     0.000000E+00
    24.5    -8.0     7.434277E+01     0.000000E+00
    25.0    -8.5     7.425658E+01     0.000000E+00
    25.5    -9.0     7.430540E+01     0.000000E+00
    26.0    -9.5     7.444860E+01     0.000000E+00
    26.5   -10.0     7.464094E+01     0.000000E+00
    27.0   -10.5     7.487019E+01     0.000000E+00
    27.5   -11.0     7.511130E+01     0.000000E+00
    28.0   -11.5     7.535831E+01     0.000000E+00
    18.5    -1.0     8.586172E+01     0.000000E+00
    19.0    -1.5     1.089361E+02     0.000000E+00
    19.5    -2.0     1.056771E+02     0.000000E+00
    20.0    -2.5     9.922687E+01     0.000000E+00
    20.5    -3.0     9.429241E+01     0.000000E+00
    21.0    -3.5     9.057432E+01     0.000000E+00
    21.5    -4.0     8.741254E+01     0.000000E+00
    22.0    -4.5     8.453912E+01     0.000000E+00
    22.5    -5.0     8.193580E+01     0.000000E+00
    23.0    -5.5     7.965895E+01     0.000000E+00
    23.5    -6.0     7.774893E+01     0.000000E+00
    24.0    -6.5     7.621492E+01     0.000000E+00
    24.5    -7.0     7.502811E+01     0.000000E+00
    25.0    -7.5     7.414915E+01     0.000000E+00
    25.5    -8.0     7.352223E+01     0.000000E+00
    26.0    -8.5     7.309225E+01     0.000000E+00
    26.5    -9.0     7.281390E+01     0.000000E+00
    27.0    -9.5     7.264777E+01     0.000000E+00
    27.5   -10.0     7.256089E+01     0.000000E+00
    28.0   -10.5     7.252055E+01     0.000000E+00
    28.5   -11.0     7.252461E+01     0.000000E+00
    19.5    -1.0     8.589809E+01     0.000000E+00
    20.0    -1.5     1.089856E+02     0.000000E+00
    20.5    -2.0     1.056740E+02     0.000000E+00
    21.0    -2.5     9.922292E+01     0.000000E+00
    21.5    -3.0     9.460055E+01     0.000000E+00
    22.0    -3.5     9.138796E+01     0.000000E+00
    22.5    -4.0     8.873512E+01     0.000000E+00
    23.0    -4.5     8.625083E+01     0.000000E+00
    23.5    -5.0     8.387748E+01     0.000000E+00
    24.0    -5.5     8.167936E+01     0.000000E+00
    24.5    -6.0     7.972767E+01     0.000000E+00
    25.0    -6.5     7.806342E+01     0.000000E+00
    25.5    -7.0     7.669566E+01     0.000000E+00
    26.0    -7.5     7.559751E+01     0.000000E+00
    26.5    -8.0     7.473698E+01     0.000000E+00
    27.0    -8.5     7.406773E+01     0.000000E+00
    27.5    -9.0     7.355638E+01     0.000000E+00
    28.0    -9.5     7.315241E+01     0.000000E+00
    28.5   -10.0     7.284929E+01     0.000000E+00
    29.0   -10.5     7.259668E+01     0.000000E+00
    20.5    -1.0     8.589738E+01     0.000000E+00
    21.0    -1.5     1.089318E+02     0.000000E+00
    21.5    -2.0     1.055658E+02     0.000000E+00
    22.0    -2.5     9.937778E+01     0.000000E+00
    22.5    -3.0     9.532441E+01     0.000000E+00
    23.0    -3.5     9.280989E+01     0.000000E+00
    23.5    -4.0     9.081913E+01     0.000000E+00
    24.0    -4.5     8.887259E+01     0.000000E+00
    24.5    -5.0     8.688287E+01     0.000000E+00
    25.0    -5.5     8.492673E+01     0.000000E+00
    25.5    -6.0     8.310481E+01     0.000000E+00
    26.0    -6.5     8.148316E+01     0.000000E+00
    26.5    -7.0     8.009310E+01     0.000000E+00
    27.0    -7.5     7.893338E+01     0.000000E+00
    27.5    -8.0     7.798090E+01     0.000000E+00
    28.0    -8.5     7.719949E+01     0.000000E+00
    28.5    -9.0     7.657206E+01     0.000000E+00
    29.0    -9.5     7.604193E+01     0.000000E+00
    29.5   -10.0     7.560474E+01     0.000000E+00
    21.5    -1.0     8.585933E+01     0.000000E+00
    22.0    -1.5     1.087970E+02     0.000000E+00
    22.5    -2.0     1.055540E+02     0.000000E+00
    23.0    -2.5     9.983645E+01     0.000000E+00
    23.5    -3.0     9.650237E+01     0.000000E+00
    24.0    -3.5     9.478675E+01     0.000000E+00
    24.5    -4.0     9.354263E+01     0.000000E+00
    25.0    -4.5     9.222670E+01     0.000000E+00
    25.5    -5.0     9.073547E+01     0.000000E+00
    26.0    -5.5     8.915293E+01     0.000000E+00
    26.5    -6.0     8.759825E+01     0.000000E+00
    27.0    -6.5     8.616332E+01     0.000000E+00
    27.5    -7.0     8.489635E+01     0.000000E+00
    28.0    -7.5     8.381072E+01     0.000000E+00
    28.5    -8.0     8.289950E+01     0.000000E+00
    29.0    -8.5     8.213000E+01     0.000000E+00
    29.5    -9.0     8.149730E+01     0.000000E+00
    30.0    -9.5     8.094745E+01     0.000000E+00
    22.5    -1.0     8.579034E+01     0.000000E+00
    23.0    -1.5     1.087205E+02     0.000000E+00
    23.5    -2.0     1.057527E+02     0.000000E+00
    24.0    -2.5     1.006216E+02     0.000000E+00
    24.5    -3.0     9.806413E+01     0.000000E+00
    25.0    -3.5     9.717484E+01     0.000000E+00
    25.5    -4.0     9.671025E+01     0.000000E+00
    26.0    -4.5     9.607723E+01     0.000000E+00
    26.5    -5.0     9.515865E+01     0.000000E+00
    27.0    -5.5     9.404649E+01     0.000000E+00
    27.5    -6.0     9.287315E+01     0.000000E+00
    28.0    -6.5     9.174401E+01     0.000000E+00
    28.5    -7.0     9.072304E+01     0.000000E+00
    29.0    -7.5     8.983315E+01     0.000000E+00
    29.5    -8.0     8.907869E+01     0.000000E+00
    30.0    -8.5     8.843571E+01     0.000000E+00
    30.5    -9.0     8.790099E+01     0.000000E+00
    23.5    -1.0     8.574537E+01     0.000000E+00
    24.0    -1.5     1.087580E+02     0.000000E+00
    24.5    -2.0     1.061385E+02     0.000000E+00
    25.0    -2.5     1.016011E+02     0.000000E+00
    25.5    -3.0     9.978036E+01     0.000000E+00
    26.0    -3.5     9.966761E+01     0.000000E+00
    26.5    -4.0     9.994961E+01     0.000000E+00
    27.0    -4.5     9.999760E+01     0.000000E+00
    27.5    -5.0     9.968232E+01     0.000000E+00
    28.0    -5.5     9.909627E+01     0.000000E+00
    28.5    -6.0     9.837620E+01     0.000000E+00
    29.0    -6.5     9.764042E+01     0.000000E+00
    29.5    -7.0     9.695868E+01     0.000000E+00
    30.0    -7.5     9.636647E+01     0.000000E+00
    30.5    -8.0     9.586906E+01     0.000000E+00
    31.0    -8.5     9.545651E+01     0.000000E+00
    24.5    -1.0     8.573592E+01     0.000000E+00
    25.0    -1.5     1.088552E+02     0.000000E+00
    25.5    -2.0     1.065273E+02     0.000000E+00
    26.0    -2.5     1.024442E+02     0.000000E+00
    26.5    -3.0     1.011800E+02     0.000000E+00
    27.0    -3.5     1.016659E+02     0.000000E+00
    27.5    -4.0     1.025472E+02     0.000000E+00
    28.0    -4.5     1.031681E+02     0.000000E+00
    28.5    -5.0     1.033877E+02     0.000000E+00
    29.0    -5.5     1.032948E+02     0.000000E+00
    29.5    -6.0     1.030258E+02     0.000000E+00
    30.0    -6.5     1.027001E+02     0.000000E+00
    30.5    -7.0     1.023897E+02     0.000000E+00
    31.0    -7.5     1.021398E+02     0.000000E+00
    31.5    -8.0     1.019520E+02     0.000000E+00
    25.5    -1.0     8.572583E+01     0.000000E+00
    26.0    -1.5     1.088614E+02     0.000000E+00
    26.5    -2.0     1.066062E+02     0.000000E+00
    27.0    -2.5     1.026617E+02     0.000000E+00
    27.5    -3.0     1.015965E+02     0.000000E+00
    28.0    -3.5     1.023280E+02     0.000000E+00
    28.5    -4.0     1.034868E+02     0.000000E+00
    29.0    -4.5     1.044028E+02     0.000000E+00
    29.5    -5.0     1.049264E+02     0.000000E+00
    30.0    -5.5     1.051343E+02     0.000000E+00
    30.5    -6.0     1.051626E+02     0.000000E+00
    31.0    -6.5     1.051269E+02     0.000000E+00
    31.5    -7.0     1.050960E+02     0.000000E+00
    32.0    -7.5     1.051157E+02     0.000000E+00
    26.5    -1.0     8.570168E+01     0.000000E+00
    27.0    -1.5     1.087925E+02     0.000000E+00
    27.5    -2.0     1.064920E+02     0.000000E+00
    28.0    -2.5     1.025214E+02     0.000000E+00
    28.5    -3.0     1.014607E+02     0.000000E+00
    29.0    -3.5     1.022309E+02     0.000000E+00
    29.5    -4.0     1.034602E+02     0.000000E+00
    30.0    -4.5     1.044732E+02     0.000000E+00
    30.5    -5.0     1.051155E+02     0.000000E+00
    31.0    -5.5     1.054581E+02     0.000000E+00
    31.5    -6.0     1.056324E+02     0.000000E+00
    32.0    -6.5     1.057518E+02     0.000000E+00
    32.5    -7.0     1.058884E+02     0.000000E+00
    27.5    -1.0     8.567348E+01     0.000000E+00
    28.0    -1.5     1.087045E+02     0.000000E+00
    28.5    -2.0     1.063265E+02     0.000000E+00
    29.0    -2.5     1.022775E+02     0.000000E+00
    29.5    -3.0     1.011505E+02     0.000000E+00
    30.0    -3.5     1.018735E+02     0.000000E+00
    30.5    -4.0     1.030772E+02     0.000000E+00
    31.0    -4.5     1.040870E+02     0.000000E+00
    31.5    -5.0     1.047443E+02     0.000000E+00
    32.0    -5.5     1.051224E+02     0.000000E+00
    32.5    -6.0     1.053516E+02     0.000000E+00
    33.0    -6.5     1.055416E+02     0.000000E+00
    28.5    -1.0     8.564892E+01     0.000000E+00
    29.0    -1.5     1.086270E+02     0.000000E+00
    29.5    -2.0     1.061760E+02     0.000000E+00
    30.0    -2.5     1.020462E+02     0.000000E+00
    30.5    -3.0     1.008400E+02     0.000000E+00
    31.0    -3.5     1.014922E+02     0.000000E+00
    31.5    -4.0     1.026378E+02     0.000000E+00
    32.0    -4.5     1.036052E+02     0.000000E+00
    32.5    -5.0     1.042368E+02     0.000000E+00
    33.0    -5.5     1.046083E+02     0.000000E+00
    33.5    -6.0     1.048529E+02     0.000000E+00
    29.5    -1.0     8.563025E+01     0.000000E+00
    30.0    -1.5     1.085674E+02     0.000000E+00
    30.5    -2.0     1.060583E+02     0.000000E+00
    31.0    -2.5     1.018608E+02     0.000000E+00
    31.5    -3.0     1.005841E+02     0.000000E+00
    32.0    -3.5     1.011691E+02     0.000000E+00
    32.5    -4.0     1.022552E+02     0.000000E+00
    33.0    -4.5     1.031748E+02     0.000000E+00
    33.5    -5.0     1.037755E+02     0.000000E+00
    34.0    -5.5     1.041367E+02     0.000000E+00
    30.5    -1.0     8.561686E+01     0.000000E+00
    31.0    -1.5     1.085243E+02     0.000000E+00
    31.5    -2.0     1.059718E+02     0.000000E+00
    32.0    -2.5     1.017221E+02     0.000000E+00
    32.5    -3.0     1.003899E+02     0.000000E+00
    33.0    -3.5     1.009209E+02     0.000000E+00
    33.5    -4.0     1.019602E+02     0.000000E+00
    34.0    -4.5     1.028461E+02     0.000000E+00
    34.5    -5.0     1.034337E+02     0.000000E+00
    31.5    -1.0     8.560747E+01     0.000000E+00
    32.0    -1.5     1.084937E+02     0.000000E+00
    32.5    -2.0     1.059101E+02     0.000000E+00
    33.0    -2.5     1.016227E+02     0.000000E+00
    33.5    -3.0     1.002505E+02     0.000000E+00
    34.0    -3.5     1.007455E+02     0.000000E+00
    34.5    -4.0     1.017588E+02     0.000000E+00
    35.0    -4.5     1.026404E+02     0.000000E+00
    32.5    -1.0     8.560094E+01     0.000000E+00
    33.0    -1.5     1.084726E+02     0.000000E+00
    33.5    -2.0     1.058673E+02     0.000000E+00
    34.0    -2.5     1.015549E+02     0.000000E+00
    34.5    -3.0     1.001593E+02     0.000000E+00
    35.0    -3.5     1.006406E+02     0.000000E+00
    35.5    -4.0     1.016637E+02     0.000000E+00
    33.5    -1.0     8.559650E+01     0.000000E+00
    34.0    -1.5     1.084584E+02     0.000000E+00
    34.5    -2.0     1.058400E+02     0.000000E+00
    35.0    -2.5     1.015154E+02     0.000000E+00
    35.5    -3.0     1.001176E+02     0.000000E+00
    36.0    -3.5     1.006224E+02     0.000000E+00
    34.5    -1.0     8.559371E+01     0.000000E+00
    35.0    -1.5     1.084502E+02     0.000000E+00
    35.5    -2.0     1.058277E+02     0.000000E+00
    36.0    -2.5     1.015094E+02     0.000000E+00
    36.5    -3.0     1.001478E+02     0.000000E+00
    35.5    -1.0     8.559246E+01     0.000000E+00
    36.0    -1.5     1.084491E+02     0.000000E+00
    36.5    -2.0     1.058373E+02     0.000000E+00
    37.0    -2.5     1.015642E+02     0.000000E+00
    36.5    -1.0     8.559344E+01     0.000000E+00
    37.0    -1.5     1.084607E+02     0.000000E+00
    37.5    -2.0     1.058978E+02     0.000000E+00
    37.5    -1.0     8.559977E+01     0.000000E+00
    38.0    -1.5     1.085115E+02     0.000000E+00
    38.5    -1.0     8.562760E+01     0.000000E+00
